
Number of rows: 6
Number of columns: 151


1 1 2 2 3 3 4 4 5 5 6 6 7 7 8 8 9 9 10 10 11 11 12 12 13 13 14 14 15 15 16 16 17 17 18 18 19 19 20 20 21 21 22 22 23 23 24 24 25 25 26 26 27 27 28 28 29 29 30 30 31 31 32 32 33 33 34 34 35 35 36 36 37 37 38 38 39 39 40 40 41 41 42 42 43 43 44 44 45 45 46 46 47 47 48 48 49 49 50 50 51 51 52 52 53 53 54 54 55 55 56 56 57 57 58 58 59 59 60 60 61 61 62 62 63 63 64 64 65 65 66 66 67 67 68 68 69 69 70 70 71 71 72 72 73 73 74 74 75 75 76 76 77 77 78 78 79 79 80 80 81 81 82 82 83 83 84 84 85 85 86 86 87 87 88 88 89 89 90 90 91 91 92 92 93 93 94 94 95 95 96 96 97 97 98 98 99 99 100 100 101 101 102 102 103 103 104 104 105 105 106 106 107 107 108 108 109 109 110 110 111 111 112 112 113 113 114 114 115 115 116 116 117 117 118 118 119 119 120 120 121 121 122 122 123 123 124 124 125 125 126 126 127 127 128 128 129 129 130 130 131 131 132 132 133 133 134 134 135 135 136 136 137 137 138 138 139 139 140 140 141 141 142 142 143 143 144 144 145 145 146 146 147 147 148 148 149 149 150 150

1 4.3 2 4.5 3 5.3 4 7.0 5 7.1 6 7.3 7 7.4 8 7.6 9 7.9



Id
SepalLengthCm
SepalWidthCm
PetalLengthCm
PetalWidthCm
Species
Minimum value: 1
Maximum value: 150

Minimum value: 4.3
Maximum value: 7.9

Minimum value: 2.0
Maximum value: 4.4

Minimum value: 1.0
Maximum value: 6.9

Minimum value: 0.1
Maximum value: 2.5

Mean: 75.50000
Median: 75.50000
Standard Deviation: 43.30034

Mean: 5.84333
Median: 5.80000
Standard Deviation: .82534

Mean: 3.05400
Median: 3.00000
Standard Deviation: .43215

Mean: 1.19867
Median: 1.30000
Standard Deviation: .76061

1. 101 - 1


2. 102 - 2


3. 103 - 3


4. 104 - 4


5. 105 - 5


6. 106 - 6


7. 107 - 7


8. 108 - 8


9. 109 - 9


10. 110 - 10


11. 111 - 11


12. 112 - 12


13. 113 - 13


14. 114 - 14


15. 115 - 15


16. 116 - 16


17. 117 - 17


18. 118 - 18


19. 119 - 19


20. 120 - 20


21. 121 - 21


22. 122 - 22


23. 123 - 23


24. 124 - 24


25. 125 - 25


26. 126 - 26


27. 127 - 27


28. 128 - 28


29. 129 - 29


30. 130 - 30


31. 131 - 31


32. 132 - 32


33. 133 - 33


34. 134 - 34


35. 135 - 35


36. 136 - 36


37. 137 - 37


38. 138 - 38


39. 139 - 39


40. 140 - 40


41. 141 - 41


42. 142 - 42


43. 143 - 43


44. 144 - 44


45. 145 - 45


46. 146 - 46


47. 147 - 47


48. 148 - 48


49. 149 - 49


50. 150 - 50


